9.998796843369506249e-01 1.551182936471380731e-02 0.000000000000000000e+00 -7.994094999999999729e+00 -1.551182936471380731e-02 9.998796843369506249e-01 0.000000000000000000e+00 5.011008999999999602e+00 0.000000000000000000e+00 0.000000000000000000e+00 1.000000000000000000e+00 0.000000000000000000e+00
9.974202923851888114e-01 7.178273008352724360e-02 0.000000000000000000e+00 -7.992820299999999989e+00 -7.178273008352724360e-02 9.974202923851888114e-01 0.000000000000000000e+00 4.674136999999999986e+00 0.000000000000000000e+00 0.000000000000000000e+00 1.000000000000000000e+00 0.000000000000000000e+00
9.913168304470012515e-01 1.314950252766676486e-01 0.000000000000000000e+00 -8.016890000000000072e+00 -1.314950252766676486e-01 9.913168304470012515e-01 0.000000000000000000e+00 4.338429999999999787e+00 0.000000000000000000e+00 0.000000000000000000e+00 1.000000000000000000e+00 0.000000000000000000e+00
9.867652662981341027e-01 1.621552010500204588e-01 0.000000000000000000e+00 -7.993544599999999889e+00 -1.621552010500204588e-01 9.867652662981341027e-01 0.000000000000000000e+00 4.045884599999999942e+00 0.000000000000000000e+00 0.000000000000000000e+00 1.000000000000000000e+00 0.000000000000000000e+00
9.734553327346743279e-01 2.288770743661854845e-01 0.000000000000000000e+00 -7.983908699999999747e+00 -2.288770743661854845e-01 9.734553327346743279e-01 0.000000000000000000e+00 3.756825200000000198e+00 0.000000000000000000e+00 0.000000000000000000e+00 1.000000000000000000e+00 0.000000000000000000e+00
9.580643378119650944e-01 2.865531793802343907e-01 0.000000000000000000e+00 -8.104504999999999626e+00 -2.865531793802343907e-01 9.580643378119650944e-01 0.000000000000000000e+00 3.348539399999999944e+00 0.000000000000000000e+00 0.000000000000000000e+00 1.000000000000000000e+00 0.000000000000000000e+00
8.332491385878102452e-01 5.528977057672351814e-01 0.000000000000000000e+00 -8.139260000000000161e+00 -5.528977057672351814e-01 8.332491385878102452e-01 0.000000000000000000e+00 2.875874800000000064e+00 0.000000000000000000e+00 0.000000000000000000e+00 1.000000000000000000e+00 0.000000000000000000e+00
6.887062666174555980e-01 7.250404666788234920e-01 0.000000000000000000e+00 -8.365997000000000128e+00 -7.250404666788234920e-01 6.887062666174555980e-01 0.000000000000000000e+00 2.528014199999999878e+00 0.000000000000000000e+00 0.000000000000000000e+00 1.000000000000000000e+00 0.000000000000000000e+00
6.086645221465554201e-01 7.934276901395017623e-01 0.000000000000000000e+00 -8.611622999999999806e+00 -7.934276901395017623e-01 6.086645221465554201e-01 0.000000000000000000e+00 2.299201500000000120e+00 0.000000000000000000e+00 0.000000000000000000e+00 1.000000000000000000e+00 0.000000000000000000e+00
5.164153555560350162e-01 8.563382395677154868e-01 0.000000000000000000e+00 -8.987420000000000186e+00 -8.563382395677154868e-01 5.164153555560350162e-01 0.000000000000000000e+00 2.133889200000000042e+00 0.000000000000000000e+00 0.000000000000000000e+00 1.000000000000000000e+00 0.000000000000000000e+00
3.520325044562450656e-01 9.359877754577052844e-01 0.000000000000000000e+00 -9.309758999999999673e+00 -9.359877754577052844e-01 3.520325044562450656e-01 0.000000000000000000e+00 1.963557500000000067e+00 0.000000000000000000e+00 0.000000000000000000e+00 1.000000000000000000e+00 0.000000000000000000e+00
6.731568378427749133e-02 9.977317268267332784e-01 0.000000000000000000e+00 -9.609097500000000736e+00 -9.977317268267332784e-01 6.731568378427749133e-02 0.000000000000000000e+00 2.014798900000000170e+00 0.000000000000000000e+00 0.000000000000000000e+00 1.000000000000000000e+00 0.000000000000000000e+00
-6.601083934649373819e-02 9.978189059587773135e-01 0.000000000000000000e+00 -9.915374999999999162e+00 -9.978189059587773135e-01 -6.601083934649373819e-02 0.000000000000000000e+00 2.075692999999999788e+00 0.000000000000000000e+00 0.000000000000000000e+00 1.000000000000000000e+00 0.000000000000000000e+00
-1.209895281125622085e-01 9.926537835958212375e-01 0.000000000000000000e+00 -1.019675600000000060e+01 -9.926537835958212375e-01 -1.209895281125622085e-01 0.000000000000000000e+00 2.368932699999999780e+00 0.000000000000000000e+00 0.000000000000000000e+00 1.000000000000000000e+00 0.000000000000000000e+00
-5.221761392710962818e-02 9.986357297812648026e-01 0.000000000000000000e+00 -1.043481599999999965e+01 -9.986357297812648026e-01 -5.221761392710962818e-02 0.000000000000000000e+00 2.442746899999999943e+00 0.000000000000000000e+00 0.000000000000000000e+00 1.000000000000000000e+00 0.000000000000000000e+00
-9.940493194894234330e-02 9.950470639644268811e-01 0.000000000000000000e+00 -1.073338099999999962e+01 -9.950470639644268811e-01 -9.940493194894234330e-02 0.000000000000000000e+00 2.677960999999999814e+00 0.000000000000000000e+00 0.000000000000000000e+00 1.000000000000000000e+00 0.000000000000000000e+00
-2.961434282019989248e-02 9.995613991643172991e-01 0.000000000000000000e+00 -1.089401699999999984e+01 -9.995613991643172991e-01 -2.961434282019989248e-02 0.000000000000000000e+00 2.861858600000000141e+00 0.000000000000000000e+00 0.000000000000000000e+00 1.000000000000000000e+00 0.000000000000000000e+00
-5.484845704142113886e-03 9.999849581206717852e-01 0.000000000000000000e+00 -1.129315899999999928e+01 -9.999849581206717852e-01 -5.484845704142113886e-03 0.000000000000000000e+00 3.020356200000000158e+00 0.000000000000000000e+00 0.000000000000000000e+00 1.000000000000000000e+00 0.000000000000000000e+00
-7.031380498051410799e-02 9.975249214075617710e-01 0.000000000000000000e+00 -1.154789500000000046e+01 -9.975249214075617710e-01 -7.031380498051410799e-02 0.000000000000000000e+00 3.244109599999999816e+00 0.000000000000000000e+00 0.000000000000000000e+00 1.000000000000000000e+00 0.000000000000000000e+00
-3.091264777471122369e-02 9.995220899047487784e-01 0.000000000000000000e+00 -1.174863799999999969e+01 -9.995220899047487784e-01 -3.091264777471122369e-02 0.000000000000000000e+00 3.304568800000000195e+00 0.000000000000000000e+00 0.000000000000000000e+00 1.000000000000000000e+00 0.000000000000000000e+00
1.496368000593120418e-01 9.887410318521273611e-01 0.000000000000000000e+00 -1.166268700000000003e+01 -9.887410318521273611e-01 1.496368000593120418e-01 0.000000000000000000e+00 3.476478999999999875e+00 0.000000000000000000e+00 0.000000000000000000e+00 1.000000000000000000e+00 0.000000000000000000e+00
2.550516570963404783e-01 9.669274286172725441e-01 0.000000000000000000e+00 -1.185676100000000055e+01 -9.669274286172725441e-01 2.550516570963404783e-01 0.000000000000000000e+00 3.425365999999999911e+00 0.000000000000000000e+00 0.000000000000000000e+00 1.000000000000000000e+00 0.000000000000000000e+00
4.082712869323122384e-01 9.128606444943464515e-01 0.000000000000000000e+00 -1.216891099999999959e+01 -9.128606444943464515e-01 4.082712869323122384e-01 0.000000000000000000e+00 3.354098800000000047e+00 0.000000000000000000e+00 0.000000000000000000e+00 1.000000000000000000e+00 0.000000000000000000e+00
6.505286352663952609e-01 7.594817276922739557e-01 0.000000000000000000e+00 -1.237993799999999922e+01 -7.594817276922739557e-01 6.505286352663952609e-01 0.000000000000000000e+00 3.263293500000000069e+00 0.000000000000000000e+00 0.000000000000000000e+00 1.000000000000000000e+00 0.000000000000000000e+00
8.084411242295588274e-01 5.885770541351803553e-01 0.000000000000000000e+00 -1.259548599999999929e+01 -5.885770541351803553e-01 8.084411242295588274e-01 0.000000000000000000e+00 3.143068299999999926e+00 0.000000000000000000e+00 0.000000000000000000e+00 1.000000000000000000e+00 0.000000000000000000e+00
9.157165798169083493e-01 4.018247695805022834e-01 0.000000000000000000e+00 -1.265950800000000065e+01 -4.018247695805022834e-01 9.157165798169083493e-01 0.000000000000000000e+00 2.971343000000000067e+00 0.000000000000000000e+00 0.000000000000000000e+00 1.000000000000000000e+00 0.000000000000000000e+00
9.851860381908911224e-01 1.714889796859731252e-01 0.000000000000000000e+00 -1.261104300000000045e+01 -1.714889796859731252e-01 9.851860381908911224e-01 0.000000000000000000e+00 2.812242499999999978e+00 0.000000000000000000e+00 0.000000000000000000e+00 1.000000000000000000e+00 0.000000000000000000e+00
9.999622908613721162e-01 -8.684287839348783788e-03 0.000000000000000000e+00 -1.256355100000000036e+01 8.684287839348783788e-03 9.999622908613721162e-01 0.000000000000000000e+00 2.691177399999999942e+00 0.000000000000000000e+00 0.000000000000000000e+00 1.000000000000000000e+00 0.000000000000000000e+00
9.619058266376654398e-01 -2.733810174107000335e-01 0.000000000000000000e+00 -1.245528299999999966e+01 2.733810174107000335e-01 9.619058266376654398e-01 0.000000000000000000e+00 2.434498300000000004e+00 0.000000000000000000e+00 0.000000000000000000e+00 1.000000000000000000e+00 0.000000000000000000e+00
8.727062172200761303e-01 -4.882456947331181851e-01 0.000000000000000000e+00 -1.232149899999999931e+01 4.882456947331181851e-01 8.727062172200761303e-01 0.000000000000000000e+00 2.080433000000000199e+00 0.000000000000000000e+00 0.000000000000000000e+00 1.000000000000000000e+00 0.000000000000000000e+00
-8.148631539555837300e-01 5.796533794653134786e-01 0.000000000000000000e+00 -1.213888799999999968e+01 -5.796533794653134786e-01 -8.148631539555837300e-01 0.000000000000000000e+00 1.884835500000000108e+00 0.000000000000000000e+00 0.000000000000000000e+00 1.000000000000000000e+00 0.000000000000000000e+00
-7.323256404127056474e-01 6.809545920207312752e-01 0.000000000000000000e+00 -1.179088899999999995e+01 -6.809545920207312752e-01 -7.323256404127056474e-01 0.000000000000000000e+00 1.598920099999999955e+00 0.000000000000000000e+00 0.000000000000000000e+00 1.000000000000000000e+00 0.000000000000000000e+00
-6.722772096444383783e-01 7.402995024938811008e-01 0.000000000000000000e+00 -1.149916999999999945e+01 -7.402995024938811008e-01 -6.722772096444383783e-01 0.000000000000000000e+00 1.393016800000000055e+00 0.000000000000000000e+00 0.000000000000000000e+00 1.000000000000000000e+00 0.000000000000000000e+00
-4.723849164708534554e-01 8.813923591062182705e-01 0.000000000000000000e+00 -1.134613000000000049e+01 -8.813923591062182705e-01 -4.723849164708534554e-01 0.000000000000000000e+00 1.212701299999999982e+00 0.000000000000000000e+00 0.000000000000000000e+00 1.000000000000000000e+00 0.000000000000000000e+00
-2.698924870066238824e-01 9.628904638936763849e-01 0.000000000000000000e+00 -1.091779200000000039e+01 -9.628904638936763849e-01 -2.698924870066238824e-01 0.000000000000000000e+00 1.215649100000000038e+00 0.000000000000000000e+00 0.000000000000000000e+00 1.000000000000000000e+00 0.000000000000000000e+00
-9.419511958980257560e-02 9.955537551762149162e-01 0.000000000000000000e+00 -1.047186600000000034e+01 -9.955537551762149162e-01 -9.419511958980257560e-02 0.000000000000000000e+00 1.225279800000000030e+00 0.000000000000000000e+00 0.000000000000000000e+00 1.000000000000000000e+00 0.000000000000000000e+00
9.922527815438117460e-02 9.950649949501719771e-01 0.000000000000000000e+00 -1.010918400000000084e+01 -9.950649949501719771e-01 9.922527815438117460e-02 0.000000000000000000e+00 1.369561000000000028e+00 0.000000000000000000e+00 0.000000000000000000e+00 1.000000000000000000e+00 0.000000000000000000e+00
2.647165038336698473e-01 9.643262791182654059e-01 0.000000000000000000e+00 -9.685928999999999789e+00 -9.643262791182654059e-01 2.647165038336698473e-01 0.000000000000000000e+00 1.342174500000000048e+00 0.000000000000000000e+00 0.000000000000000000e+00 1.000000000000000000e+00 0.000000000000000000e+00
2.819546667809132989e-01 9.594277283258307865e-01 0.000000000000000000e+00 -9.290395000000000181e+00 -9.594277283258307865e-01 2.819546667809132989e-01 0.000000000000000000e+00 1.352609600000000079e+00 0.000000000000000000e+00 0.000000000000000000e+00 1.000000000000000000e+00 0.000000000000000000e+00
2.806685889098989861e-01 9.598047422258998429e-01 0.000000000000000000e+00 -8.839395500000000183e+00 -9.598047422258998429e-01 2.806685889098989861e-01 0.000000000000000000e+00 1.451970800000000006e+00 0.000000000000000000e+00 0.000000000000000000e+00 1.000000000000000000e+00 0.000000000000000000e+00
-2.385038802230710631e-01 -9.711415443273647696e-01 0.000000000000000000e+00 -8.964259999999999451e+00 9.711415443273647696e-01 -2.385038802230710631e-01 0.000000000000000000e+00 1.439466700000000099e+00 0.000000000000000000e+00 0.000000000000000000e+00 1.000000000000000000e+00 0.000000000000000000e+00
3.842715249643064435e-01 9.232201227776647423e-01 0.000000000000000000e+00 -8.454026999999999958e+00 -9.232201227776647423e-01 3.842715249643064435e-01 0.000000000000000000e+00 1.655584600000000073e+00 0.000000000000000000e+00 0.000000000000000000e+00 1.000000000000000000e+00 0.000000000000000000e+00
5.354780049750771376e-01 8.445491733391912170e-01 0.000000000000000000e+00 -8.168863999999999237e+00 -8.445491733391912170e-01 5.354780049750771376e-01 0.000000000000000000e+00 1.812330500000000066e+00 0.000000000000000000e+00 0.000000000000000000e+00 1.000000000000000000e+00 0.000000000000000000e+00
6.097538055624797115e-01 7.925908759265865022e-01 0.000000000000000000e+00 -7.784952999999999790e+00 -7.925908759265865022e-01 6.097538055624797115e-01 0.000000000000000000e+00 1.942660300000000007e+00 0.000000000000000000e+00 0.000000000000000000e+00 1.000000000000000000e+00 0.000000000000000000e+00
6.897962791357841184e-01 7.240035174572201360e-01 0.000000000000000000e+00 -7.429930999999999841e+00 -7.240035174572201360e-01 6.897962791357841184e-01 0.000000000000000000e+00 2.107561800000000041e+00 0.000000000000000000e+00 0.000000000000000000e+00 1.000000000000000000e+00 0.000000000000000000e+00
7.309788232535102681e-01 6.824001465085668405e-01 0.000000000000000000e+00 -7.204148299999999949e+00 -6.824001465085668405e-01 7.309788232535102681e-01 0.000000000000000000e+00 2.374219399999999869e+00 0.000000000000000000e+00 0.000000000000000000e+00 1.000000000000000000e+00 0.000000000000000000e+00
7.486293205960276032e-01 6.629887935281637557e-01 0.000000000000000000e+00 -7.021349400000000074e+00 -6.629887935281637557e-01 7.486293205960276032e-01 0.000000000000000000e+00 2.585853600000000085e+00 0.000000000000000000e+00 0.000000000000000000e+00 1.000000000000000000e+00 0.000000000000000000e+00
8.280306095619741624e-01 5.606828957872940222e-01 0.000000000000000000e+00 -6.608433999999999919e+00 -5.606828957872940222e-01 8.280306095619741624e-01 0.000000000000000000e+00 2.775851199999999963e+00 0.000000000000000000e+00 0.000000000000000000e+00 1.000000000000000000e+00 0.000000000000000000e+00
8.944182090623505887e-01 4.472315589241185330e-01 0.000000000000000000e+00 -6.424147600000000402e+00 -4.472315589241185330e-01 8.944182090623505887e-01 0.000000000000000000e+00 3.089013599999999915e+00 0.000000000000000000e+00 0.000000000000000000e+00 1.000000000000000000e+00 0.000000000000000000e+00
9.089860115150477649e-01 4.168266196753339647e-01 0.000000000000000000e+00 -6.183564999999999756e+00 -4.168266196753339647e-01 9.089860115150477649e-01 0.000000000000000000e+00 3.487233199999999922e+00 0.000000000000000000e+00 0.000000000000000000e+00 1.000000000000000000e+00 0.000000000000000000e+00
9.437532990585728587e-01 3.306504355298204856e-01 0.000000000000000000e+00 -5.954374299999999565e+00 -3.306504355298204856e-01 9.437532990585728587e-01 0.000000000000000000e+00 3.786949400000000132e+00 0.000000000000000000e+00 0.000000000000000000e+00 1.000000000000000000e+00 0.000000000000000000e+00
9.366819259957909205e-01 3.501813380419002697e-01 0.000000000000000000e+00 -5.886439300000000152e+00 -3.501813380419002697e-01 9.366819259957909205e-01 0.000000000000000000e+00 4.196892700000000254e+00 0.000000000000000000e+00 0.000000000000000000e+00 1.000000000000000000e+00 0.000000000000000000e+00
9.890311849345823081e-01 1.477068557207009969e-01 0.000000000000000000e+00 -5.690055400000000319e+00 -1.477068557207009969e-01 9.890311849345823081e-01 0.000000000000000000e+00 4.581908999999999565e+00 0.000000000000000000e+00 0.000000000000000000e+00 1.000000000000000000e+00 0.000000000000000000e+00
9.966415629137792553e-01 8.188769793308033063e-02 0.000000000000000000e+00 -5.526226499999999930e+00 -8.188769793308033063e-02 9.966415629137792553e-01 0.000000000000000000e+00 4.803302999999999656e+00 0.000000000000000000e+00 0.000000000000000000e+00 1.000000000000000000e+00 0.000000000000000000e+00
9.991165625101635639e-01 -4.202492733931036811e-02 0.000000000000000000e+00 -5.600049000000000277e+00 4.202492733931036811e-02 9.991165625101635639e-01 0.000000000000000000e+00 5.206360300000000052e+00 0.000000000000000000e+00 0.000000000000000000e+00 1.000000000000000000e+00 0.000000000000000000e+00
9.872167172644548128e-01 -1.593836665207369052e-01 0.000000000000000000e+00 -5.379177600000000226e+00 1.593836665207369052e-01 9.872167172644548128e-01 0.000000000000000000e+00 5.747109400000000257e+00 0.000000000000000000e+00 0.000000000000000000e+00 1.000000000000000000e+00 0.000000000000000000e+00
9.526924786806141299e-01 -3.039359160503864454e-01 0.000000000000000000e+00 -5.426751999999999576e+00 3.039359160503864454e-01 9.526924786806141299e-01 0.000000000000000000e+00 6.394627599999999745e+00 0.000000000000000000e+00 0.000000000000000000e+00 1.000000000000000000e+00 0.000000000000000000e+00
9.118679936481455250e-01 -4.104835711208253968e-01 0.000000000000000000e+00 -5.627755600000000413e+00 4.104835711208253968e-01 9.118679936481455250e-01 0.000000000000000000e+00 6.790986499999999815e+00 0.000000000000000000e+00 0.000000000000000000e+00 1.000000000000000000e+00 0.000000000000000000e+00
6.476029733572349345e-01 -7.619779451525277025e-01 0.000000000000000000e+00 -5.852030799999999644e+00 7.619779451525277025e-01 6.476029733572349345e-01 0.000000000000000000e+00 7.376617000000000424e+00 0.000000000000000000e+00 0.000000000000000000e+00 1.000000000000000000e+00 0.000000000000000000e+00
5.323676181712998501e-01 -8.465132716754163456e-01 0.000000000000000000e+00 -6.142878500000000130e+00 8.465132716754163456e-01 5.323676181712998501e-01 0.000000000000000000e+00 7.727076499999999903e+00 0.000000000000000000e+00 0.000000000000000000e+00 1.000000000000000000e+00 0.000000000000000000e+00
8.981740001897181580e-01 4.396401544254120997e-01 0.000000000000000000e+00 -6.138531999999999655e+00 -4.396401544254120997e-01 8.981740001897181580e-01 0.000000000000000000e+00 7.529592000000000063e+00 0.000000000000000000e+00 0.000000000000000000e+00 1.000000000000000000e+00 0.000000000000000000e+00
5.875585808125050394e-03 -9.999827385967277049e-01 0.000000000000000000e+00 -6.601392699999999891e+00 9.999827385967277049e-01 5.875585808125050394e-03 0.000000000000000000e+00 7.638449699999999787e+00 0.000000000000000000e+00 0.000000000000000000e+00 1.000000000000000000e+00 0.000000000000000000e+00
-3.744457630557686545e-01 -9.272488180254441215e-01 0.000000000000000000e+00 -7.017134000000000427e+00 9.272488180254441215e-01 -3.744457630557686545e-01 0.000000000000000000e+00 7.714427500000000215e+00 0.000000000000000000e+00 0.000000000000000000e+00 1.000000000000000000e+00 0.000000000000000000e+00
-7.003651808949903357e-01 -7.137847108126703644e-01 0.000000000000000000e+00 -7.568966999999999778e+00 7.137847108126703644e-01 -7.003651808949903357e-01 0.000000000000000000e+00 7.571888399999999741e+00 0.000000000000000000e+00 0.000000000000000000e+00 1.000000000000000000e+00 0.000000000000000000e+00
-9.524251523847985235e-01 -3.047725858813311040e-01 0.000000000000000000e+00 -7.917035600000000173e+00 3.047725858813311040e-01 -9.524251523847985235e-01 0.000000000000000000e+00 7.142252400000000279e+00 0.000000000000000000e+00 0.000000000000000000e+00 1.000000000000000000e+00 0.000000000000000000e+00
-9.937697157477044518e-01 1.114529141060330714e-01 0.000000000000000000e+00 -7.921579999999999622e+00 -1.114529141060330714e-01 -9.937697157477044518e-01 0.000000000000000000e+00 6.591074500000000391e+00 0.000000000000000000e+00 0.000000000000000000e+00 1.000000000000000000e+00 0.000000000000000000e+00
-9.009595378586873204e-01 4.339031126201568500e-01 0.000000000000000000e+00 -7.892648000000000330e+00 -4.339031126201568500e-01 -9.009595378586873204e-01 0.000000000000000000e+00 5.906872700000000087e+00 0.000000000000000000e+00 0.000000000000000000e+00 1.000000000000000000e+00 0.000000000000000000e+00
-6.381020173401690254e-01 7.699518267180139874e-01 0.000000000000000000e+00 -7.619726700000000186e+00 -7.699518267180139874e-01 -6.381020173401690254e-01 0.000000000000000000e+00 5.399958599999999720e+00 0.000000000000000000e+00 0.000000000000000000e+00 1.000000000000000000e+00 0.000000000000000000e+00
-1.669211452143406216e-01 9.859702486791034337e-01 0.000000000000000000e+00 -7.281577000000000410e+00 -9.859702486791034337e-01 -1.669211452143406216e-01 0.000000000000000000e+00 5.329763999999999946e+00 0.000000000000000000e+00 0.000000000000000000e+00 1.000000000000000000e+00 0.000000000000000000e+00
3.652175885689084023e-01 9.309221841807786557e-01 0.000000000000000000e+00 -6.820179999999999687e+00 -9.309221841807786557e-01 3.652175885689084023e-01 0.000000000000000000e+00 5.400693999999999662e+00 0.000000000000000000e+00 0.000000000000000000e+00 1.000000000000000000e+00 0.000000000000000000e+00
-8.088404367602405332e-01 -5.880281862814938920e-01 0.000000000000000000e+00 -6.395617500000000177e+00 5.880281862814938920e-01 -8.088404367602405332e-01 0.000000000000000000e+00 5.516958999999999946e+00 0.000000000000000000e+00 0.000000000000000000e+00 1.000000000000000000e+00 0.000000000000000000e+00
-9.793355255021568562e-01 -2.022422519885847814e-01 0.000000000000000000e+00 -6.188106999999999580e+00 2.022422519885847814e-01 -9.793355255021568562e-01 0.000000000000000000e+00 6.129317300000000301e+00 0.000000000000000000e+00 0.000000000000000000e+00 1.000000000000000000e+00 0.000000000000000000e+00
-9.541859879012267731e-01 2.992141381902932440e-01 0.000000000000000000e+00 -6.290563599999999589e+00 -2.992141381902932440e-01 -9.541859879012267731e-01 0.000000000000000000e+00 6.515569700000000353e+00 0.000000000000000000e+00 0.000000000000000000e+00 1.000000000000000000e+00 0.000000000000000000e+00
-7.463017760144581292e-01 6.656077366720323241e-01 0.000000000000000000e+00 -6.351003600000000304e+00 -6.656077366720323241e-01 -7.463017760144581292e-01 0.000000000000000000e+00 6.964658000000000015e+00 0.000000000000000000e+00 0.000000000000000000e+00 1.000000000000000000e+00 0.000000000000000000e+00
-4.300255465171672342e-01 9.028167196849046228e-01 0.000000000000000000e+00 -6.658104400000000034e+00 -9.028167196849046228e-01 -4.300255465171672342e-01 0.000000000000000000e+00 7.105851000000000361e+00 0.000000000000000000e+00 0.000000000000000000e+00 1.000000000000000000e+00 0.000000000000000000e+00
1.348761782620760442e-02 9.999090379456394562e-01 0.000000000000000000e+00 -7.162601500000000065e+00 -9.999090379456394562e-01 1.348761782620760442e-02 0.000000000000000000e+00 7.178224600000000066e+00 0.000000000000000000e+00 0.000000000000000000e+00 1.000000000000000000e+00 0.000000000000000000e+00
3.253994393709782607e-01 9.455766520261871255e-01 0.000000000000000000e+00 -7.531502200000000258e+00 -9.455766520261871255e-01 3.253994393709782607e-01 0.000000000000000000e+00 7.139738999999999614e+00 0.000000000000000000e+00 0.000000000000000000e+00 1.000000000000000000e+00 0.000000000000000000e+00
7.781624356749383686e-01 6.280630730304460618e-01 0.000000000000000000e+00 -7.883208299999999724e+00 -6.280630730304460618e-01 7.781624356749383686e-01 0.000000000000000000e+00 6.846585799999999722e+00 0.000000000000000000e+00 0.000000000000000000e+00 1.000000000000000000e+00 0.000000000000000000e+00
9.200017916767765369e-01 3.919141529870044383e-01 0.000000000000000000e+00 -8.153973000000000582e+00 -3.919141529870044383e-01 9.200017916767765369e-01 0.000000000000000000e+00 6.484441999999999595e+00 0.000000000000000000e+00 0.000000000000000000e+00 1.000000000000000000e+00 0.000000000000000000e+00
9.656089161214250760e-01 2.599988867414757543e-01 0.000000000000000000e+00 -8.185311999999999699e+00 -2.599988867414757543e-01 9.656089161214250760e-01 0.000000000000000000e+00 6.041541600000000400e+00 0.000000000000000000e+00 0.000000000000000000e+00 1.000000000000000000e+00 0.000000000000000000e+00
9.995882555795055913e-01 2.869354121611680103e-02 0.000000000000000000e+00 -8.168348999999999194e+00 -2.869354121611680103e-02 9.995882555795055913e-01 0.000000000000000000e+00 5.974707600000000340e+00 0.000000000000000000e+00 0.000000000000000000e+00 1.000000000000000000e+00 0.000000000000000000e+00
9.835735832185191763e-01 1.805076352808456519e-01 0.000000000000000000e+00 -8.092352999999999241e+00 -1.805076352808456519e-01 9.835735832185191763e-01 0.000000000000000000e+00 5.536234399999999667e+00 0.000000000000000000e+00 0.000000000000000000e+00 1.000000000000000000e+00 0.000000000000000000e+00
9.895268786291935292e-01 1.443487321397912138e-01 0.000000000000000000e+00 -8.123687999999999576e+00 -1.443487321397912138e-01 9.895268786291935292e-01 0.000000000000000000e+00 5.102847999999999828e+00 0.000000000000000000e+00 0.000000000000000000e+00 1.000000000000000000e+00 0.000000000000000000e+00
9.906384065364757241e-01 1.365120782014256351e-01 0.000000000000000000e+00 -8.072285000000000821e+00 -1.365120782014256351e-01 9.906384065364757241e-01 0.000000000000000000e+00 4.667607000000000284e+00 0.000000000000000000e+00 0.000000000000000000e+00 1.000000000000000000e+00 0.000000000000000000e+00
9.764884794385670919e-01 2.155695932263063386e-01 0.000000000000000000e+00 -8.041121999999999659e+00 -2.155695932263063386e-01 9.764884794385670919e-01 0.000000000000000000e+00 4.325476000000000099e+00 0.000000000000000000e+00 0.000000000000000000e+00 1.000000000000000000e+00 0.000000000000000000e+00
9.564005886651811839e-01 2.920580661459205585e-01 0.000000000000000000e+00 -8.056267999999999319e+00 -2.920580661459205585e-01 9.564005886651811839e-01 0.000000000000000000e+00 3.807574300000000189e+00 0.000000000000000000e+00 0.000000000000000000e+00 1.000000000000000000e+00 0.000000000000000000e+00
8.319739339416712953e-01 5.548147197413021425e-01 0.000000000000000000e+00 -8.115099999999999980e+00 -5.548147197413021425e-01 8.319739339416712953e-01 0.000000000000000000e+00 3.261080000000000201e+00 0.000000000000000000e+00 0.000000000000000000e+00 1.000000000000000000e+00 0.000000000000000000e+00
7.100207155094703237e-01 7.041807889650354424e-01 0.000000000000000000e+00 -8.367107999999999990e+00 -7.041807889650354424e-01 7.100207155094703237e-01 0.000000000000000000e+00 2.727968999999999866e+00 0.000000000000000000e+00 0.000000000000000000e+00 1.000000000000000000e+00 0.000000000000000000e+00
6.022214534893443050e-01 7.983290806159960562e-01 0.000000000000000000e+00 -8.579418999999999684e+00 -7.983290806159960562e-01 6.022214534893443050e-01 0.000000000000000000e+00 2.499250200000000088e+00 0.000000000000000000e+00 0.000000000000000000e+00 1.000000000000000000e+00 0.000000000000000000e+00
5.499176408425822116e-01 8.352188864544004554e-01 0.000000000000000000e+00 -8.931689999999999685e+00 -8.352188864544004554e-01 5.499176408425822116e-01 0.000000000000000000e+00 2.284013499999999919e+00 0.000000000000000000e+00 0.000000000000000000e+00 1.000000000000000000e+00 0.000000000000000000e+00
3.397293590094412896e-01 9.405232387490668478e-01 0.000000000000000000e+00 -9.354939999999999145e+00 -9.405232387490668478e-01 3.397293590094412896e-01 0.000000000000000000e+00 2.109690200000000182e+00 0.000000000000000000e+00 0.000000000000000000e+00 1.000000000000000000e+00 0.000000000000000000e+00
4.302763898624130390e-02 9.990738822946327868e-01 0.000000000000000000e+00 -9.613671999999999329e+00 -9.990738822946327868e-01 4.302763898624130390e-02 0.000000000000000000e+00 2.084670000000000023e+00 0.000000000000000000e+00 0.000000000000000000e+00 1.000000000000000000e+00 0.000000000000000000e+00
-6.888118742629729951e-02 9.976248703890372438e-01 0.000000000000000000e+00 -9.985421000000000546e+00 -9.976248703890372438e-01 -6.888118742629729951e-02 0.000000000000000000e+00 2.277562899999999946e+00 0.000000000000000000e+00 0.000000000000000000e+00 1.000000000000000000e+00 0.000000000000000000e+00
-9.393965739795659409e-02 9.955778928682348372e-01 0.000000000000000000e+00 -1.021429499999999990e+01 -9.955778928682348372e-01 -9.393965739795659409e-02 0.000000000000000000e+00 2.467374299999999909e+00 0.000000000000000000e+00 0.000000000000000000e+00 1.000000000000000000e+00 0.000000000000000000e+00
-6.816427647149626845e-02 9.976741108263346147e-01 0.000000000000000000e+00 -1.058686299999999925e+01 -9.976741108263346147e-01 -6.816427647149626845e-02 0.000000000000000000e+00 2.723621800000000093e+00 0.000000000000000000e+00 0.000000000000000000e+00 1.000000000000000000e+00 0.000000000000000000e+00
5.908928718309804790e-02 9.982527015441498008e-01 0.000000000000000000e+00 -1.089712100000000028e+01 -9.982527015441498008e-01 5.908928718309804790e-02 0.000000000000000000e+00 3.074766599999999794e+00 0.000000000000000000e+00 0.000000000000000000e+00 1.000000000000000000e+00 0.000000000000000000e+00
-2.802470354901111932e-02 9.996072308616970048e-01 0.000000000000000000e+00 -1.121922600000000081e+01 -9.996072308616970048e-01 -2.802470354901111932e-02 0.000000000000000000e+00 3.196356300000000150e+00 0.000000000000000000e+00 0.000000000000000000e+00 1.000000000000000000e+00 0.000000000000000000e+00
-2.308039621094532257e-01 9.730002729057058986e-01 0.000000000000000000e+00 -1.156898100000000085e+01 -9.730002729057058986e-01 -2.308039621094532257e-01 0.000000000000000000e+00 3.339657299999999829e+00 0.000000000000000000e+00 0.000000000000000000e+00 1.000000000000000000e+00 0.000000000000000000e+00
-7.245413043583273649e-02 9.973717456308792695e-01 0.000000000000000000e+00 -1.202369299999999974e+01 -9.973717456308792695e-01 -7.245413043583273649e-02 0.000000000000000000e+00 3.610255200000000109e+00 0.000000000000000000e+00 0.000000000000000000e+00 1.000000000000000000e+00 0.000000000000000000e+00
-1.120203890930237568e-02 9.999372551936819287e-01 0.000000000000000000e+00 -1.235995199999999983e+01 -9.999372551936819287e-01 -1.120203890930237568e-02 0.000000000000000000e+00 3.561131500000000116e+00 0.000000000000000000e+00 0.000000000000000000e+00 1.000000000000000000e+00 0.000000000000000000e+00
1.517000740609055487e-01 9.884265716429904147e-01 0.000000000000000000e+00 -1.233679000000000059e+01 -9.884265716429904147e-01 1.517000740609055487e-01 0.000000000000000000e+00 3.691430599999999895e+00 0.000000000000000000e+00 0.000000000000000000e+00 1.000000000000000000e+00 0.000000000000000000e+00
2.658334979371965723e-01 9.640189579953677423e-01 0.000000000000000000e+00 -1.265479000000000021e+01 -9.640189579953677423e-01 2.658334979371965723e-01 0.000000000000000000e+00 3.672069299999999981e+00 0.000000000000000000e+00 0.000000000000000000e+00 1.000000000000000000e+00 0.000000000000000000e+00
4.056144172285426897e-01 9.140442793083657369e-01 0.000000000000000000e+00 -1.281487100000000012e+01 -9.140442793083657369e-01 4.056144172285426897e-01 0.000000000000000000e+00 3.505255000000000010e+00 0.000000000000000000e+00 0.000000000000000000e+00 1.000000000000000000e+00 0.000000000000000000e+00
6.118360444854201718e-01 7.909846108922947705e-01 0.000000000000000000e+00 -1.303381500000000059e+01 -7.909846108922947705e-01 6.118360444854201718e-01 0.000000000000000000e+00 3.295917499999999833e+00 0.000000000000000000e+00 0.000000000000000000e+00 1.000000000000000000e+00 0.000000000000000000e+00
8.085959508699172016e-01 5.883643329067240746e-01 0.000000000000000000e+00 -1.331400900000000043e+01 -5.883643329067240746e-01 8.085959508699172016e-01 0.000000000000000000e+00 3.088014999999999954e+00 0.000000000000000000e+00 0.000000000000000000e+00 1.000000000000000000e+00 0.000000000000000000e+00
9.241798765003875760e-01 3.819575315028207463e-01 0.000000000000000000e+00 -1.329746899999999954e+01 -3.819575315028207463e-01 9.241798765003875760e-01 0.000000000000000000e+00 2.833703299999999814e+00 0.000000000000000000e+00 0.000000000000000000e+00 1.000000000000000000e+00 0.000000000000000000e+00
9.835202545095623750e-01 1.807979783334027757e-01 0.000000000000000000e+00 -1.330677400000000077e+01 -1.807979783334027757e-01 9.835202545095623750e-01 0.000000000000000000e+00 2.559940600000000011e+00 0.000000000000000000e+00 0.000000000000000000e+00 1.000000000000000000e+00 0.000000000000000000e+00
9.990712630229978686e-01 -4.308841377484060042e-02 0.000000000000000000e+00 -1.336053700000000077e+01 4.308841377484060042e-02 9.990712630229978686e-01 0.000000000000000000e+00 2.322048000000000112e+00 0.000000000000000000e+00 0.000000000000000000e+00 1.000000000000000000e+00 0.000000000000000000e+00
9.600566073456110461e-01 -2.798058446352311712e-01 0.000000000000000000e+00 -1.322503949999999939e+01 2.798058446352311712e-01 9.600566073456110461e-01 0.000000000000000000e+00 1.954854000000000092e+00 0.000000000000000000e+00 0.000000000000000000e+00 1.000000000000000000e+00 0.000000000000000000e+00
9.021299454114861671e-01 -4.314644383861421795e-01 0.000000000000000000e+00 -1.314026450000000068e+01 4.314644383861421795e-01 9.021299454114861671e-01 0.000000000000000000e+00 1.684137800000000018e+00 0.000000000000000000e+00 0.000000000000000000e+00 1.000000000000000000e+00 0.000000000000000000e+00
-8.152945379301141937e-01 5.790464717285838114e-01 0.000000000000000000e+00 -1.289370000000000083e+01 -5.790464717285838114e-01 -8.152945379301141937e-01 0.000000000000000000e+00 1.343074300000000054e+00 0.000000000000000000e+00 0.000000000000000000e+00 1.000000000000000000e+00 0.000000000000000000e+00
-7.419571770165570568e-01 6.704472741935949553e-01 0.000000000000000000e+00 -1.261553400000000025e+01 -6.704472741935949553e-01 -7.419571770165570568e-01 0.000000000000000000e+00 1.123212300000000052e+00 0.000000000000000000e+00 0.000000000000000000e+00 1.000000000000000000e+00 0.000000000000000000e+00
-6.723726286650321127e-01 7.402128398116820662e-01 0.000000000000000000e+00 -1.228043899999999944e+01 -7.402128398116820662e-01 -6.723726286650321127e-01 0.000000000000000000e+00 8.552713400000000465e-01 0.000000000000000000e+00 0.000000000000000000e+00 1.000000000000000000e+00 0.000000000000000000e+00
-5.367813832078039971e-01 8.437213678943521478e-01 0.000000000000000000e+00 -1.180484799999999979e+01 -8.437213678943521478e-01 -5.367813832078039971e-01 0.000000000000000000e+00 5.709309599999999874e-01 0.000000000000000000e+00 0.000000000000000000e+00 1.000000000000000000e+00 0.000000000000000000e+00
-2.833542157522995764e-01 9.590153223048103470e-01 0.000000000000000000e+00 -1.155584600000000073e+01 -9.590153223048103470e-01 -2.833542157522995764e-01 0.000000000000000000e+00 5.896168000000000520e-01 0.000000000000000000e+00 0.000000000000000000e+00 1.000000000000000000e+00 0.000000000000000000e+00
-1.172495503367677605e-01 9.931024836067150474e-01 0.000000000000000000e+00 -1.121004300000000065e+01 -9.931024836067150474e-01 -1.172495503367677605e-01 0.000000000000000000e+00 5.654578000000000104e-01 0.000000000000000000e+00 0.000000000000000000e+00 1.000000000000000000e+00 0.000000000000000000e+00
9.772102511921276768e-02 9.952138469945291943e-01 0.000000000000000000e+00 -1.068262099999999926e+01 -9.952138469945291943e-01 9.772102511921276768e-02 0.000000000000000000e+00 7.309761000000000175e-01 0.000000000000000000e+00 0.000000000000000000e+00 1.000000000000000000e+00 0.000000000000000000e+00
1.768402046581648013e-01 9.842395755183076522e-01 0.000000000000000000e+00 -1.011501799999999918e+01 -9.842395755183076522e-01 1.768402046581648013e-01 0.000000000000000000e+00 8.117599500000000079e-01 0.000000000000000000e+00 0.000000000000000000e+00 1.000000000000000000e+00 0.000000000000000000e+00
2.830897599506196349e-01 9.590934197517468895e-01 0.000000000000000000e+00 -9.889075999999999311e+00 -9.590934197517468895e-01 2.830897599506196349e-01 0.000000000000000000e+00 8.148741999999999930e-01 0.000000000000000000e+00 0.000000000000000000e+00 1.000000000000000000e+00 0.000000000000000000e+00
-3.966420882898312739e-01 -9.179733404609753400e-01 0.000000000000000000e+00 -9.455818000000000723e+00 9.179733404609753400e-01 -3.966420882898312739e-01 0.000000000000000000e+00 1.151545500000000111e+00 0.000000000000000000e+00 0.000000000000000000e+00 1.000000000000000000e+00 0.000000000000000000e+00
